14, 14, 14, 14, 14, 14, 14, 14, 14, 14, 14, 14, 14, 14, 14, 14, 14, 14, 14, 14, 14, 14, 14, 14, 14, 14, 14, 14, 14, 14, 14, 14,
14, 0, 0, 0, 0, 0, 0, 0, 14, 0, 0, 0, 0, 0, 0, 0, 14, 0, 0, 0, 0, 0, 0, 0, 0, 0, 0, 0, 0, 0, 0, 14,
14, 0, 0, 0, 0, 0, 0, 0, 14, 0, 0, 0, 0, 0, 0, 0, 14, 0, 0, 0, 0, 0, 0, 0, 0, 0, 0, 0, 0, 0, 0, 14,
14, 0, 0, 0, 0, 0, 0, 0, 14, 13, 13, 13, 13, 13, 13, 13, 14, 0, 14, 14, 14, 14, 14, 14, 0, 0, 0, 0, 0, 0, 0, 14,
14, 0, 0, 0, 0, 0, 0, 0, 0, 0, 0, 0, 0, 0, 0, 0, 14, 14, 14, 0, 0, 0, 0, 14, 0, 0, 0, 0, 0, 0, 0, 14,
14, 0, 0, 0, 0, 0, 0, 0, 0, 0, 0, 0, 0, 0, 0, 0, 14, 0, 0, 0, 0, 0, 0, 14, 0, 0, 0, 0, 0, 0, 0, 14,
14, 0, 0, 0, 0, 0, 0, 0, 0, 0, 0, 0, 0, 0, 0, 0, 18, 0, 0, 0, 17, 0, 0, 14, 0, 0, 0, 0, 0, 0, 0, 14,
14, 0, 20, 0, 0, 0, 0, 0, 0, 0, 19, 0, 0, 0, 0, 0, 14, 0, 0, 0, 0, 0, 0, 14, 0, 0, 0, 0, 0, 0, 0, 14,
14, 0, 0, 0, 0, 0, 0, 0, 0, 0, 0, 0, 0, 0, 0, 0, 14, 14, 14, 0, 0, 0, 0, 14, 0, 0, 0, 0, 0, 0, 0, 14,
14, 0, 0, 0, 0, 0, 0, 16, 14, 13, 13, 13, 13, 13, 13, 13, 14, 0, 14, 14, 14, 14, 14, 14, 0, 0, 0, 0, 0, 0, 0, 14,
14, 0, 0, 0, 0, 0, 0, 0, 14, 0, 0, 0, 0, 0, 0, 0, 14, 0, 0, 0, 0, 0, 0, 0, 0, 0, 0, 0, 0, 0, 0, 14,
14, 0, 0, 0, 0, 0, 0, 0, 14, 0, 0, 0, 0, 0, 0, 0, 14, 0, 0, 0, 0, 0, 0, 0, 0, 0, 0, 0, 0, 0, 0, 14,
14, 0, 0, 0, 0, 0, 0, 0, 14, 0, 0, 0, 0, 0, 0, 0, 14, 0, 0, 0, 0, 0, 0, 0, 0, 0, 0, 0, 0, 0, 0, 14,
14, 0, 0, 0, 0, 0, 0, 0, 14, 0, 0, 0, 0, 0, 0, 0, 14, 0, 0, 0, 0, 0, 0, 0, 0, 0, 0, 0, 0, 0, 0, 14,
14, 14, 14, 14, 14, 14, 14, 14, 14, 14, 14, 14, 14, 14, 14, 14, 14, 14, 14, 14, 14, 14, 14, 14, 14, 14, 14, 14, 14, 14, 14, 14,end,
RULES:platform-stop,cat-player,lock-lock,clock-stop,cactus-spiky,flag-goal,