14, 14, 14, 14, 14, 14, 14, 14, 14, 14, 14, 14, 14, 14, 14, 14, 14, 14, 14, 14, 14, 14, 14, 14, 14, 14, 14, 14, 14, 14, 14, 14, 
14, 16, 15, 18, 00, 00, 00, 00, 14, 00, 00, 00, 00, 14, 00, 00, 14, 00, 00, 14, 00, 00, 00, 00, 00, 00, 00, 00, 00, 00, 00, 14,
14, 00, 00, 00, 00, 00, 00, 00, 14, 14, 00, 00, 00, 14, 14, 14, 14, 00, 15, 00, 00, 00, 00, 00, 00, 00, 17, 00, 00, 00, 00, 14,
14, 00, 00, 19, 00, 00, 00, 00, 14, 00, 00, 00, 15, 00, 00, 00, 00, 00, 00, 14, 00, 00, 00, 00, 00, 00, 00, 00, 00, 00, 00, 14,
14, 00, 00, 00, 00, 00, 00, 00, 14, 00, 00, 14, 14, 14, 14, 14, 14, 14, 14, 14, 14, 14, 14, 14, 14, 14, 14, 14, 14, 14, 14, 14,
14, 14, 14, 14, 14, 14, 00, 00, 14, 00, 00, 14, 14, 14, 14, 14, 14, 14, 14, 14, 14, 14, 14, 14, 14, 14, 00, 00, 00, 00, 00, 14,
14, 00, 00, 00, 00, 14, 00, 00, 14, 00, 00, 00, 14, 14, 14, 00, 00, 00, 00, 00, 00, 00, 00, 00, 00, 14, 00, 00, 00, 00, 00, 14,
14, 00, 00, 00, 00, 14, 00, 00, 14, 00, 00, 00, 14, 00, 00, 00, 00, 00, 00, 00, 00, 00, 00, 00, 00, 14, 00, 14, 14, 14, 00, 14,
14, 14, 14, 14, 14, 14, 00, 00, 14, 00, 00, 00, 00, 00, 00, 14, 14, 14, 14, 14, 14, 00, 00, 00, 00, 14, 00, 14, 00, 14, 00, 14,
14, 00, 00, 00, 00, 00, 00, 00, 14, 00, 00, 00, 00, 00, 00, 14, 00, 00, 00, 14, 00, 14, 14, 00, 00, 14, 00, 00, 00, 14, 00, 14,
14, 00, 00, 00, 00, 00, 00, 00, 14, 14, 14, 14, 14, 14, 14, 14, 14, 14, 14, 14, 00, 00, 00, 14, 00, 14, 00, 00, 14, 14, 00, 14,
14, 00, 00, 00, 00, 00, 00, 00, 00, 00, 00, 00, 00, 14, 00, 00, 00, 14, 14, 14, 00, 00, 00, 00, 00, 14, 00, 00, 14, 00, 00, 14,
14, 00, 00, 00, 00, 00, 00, 00, 00, 00, 14, 00, 00, 00, 00, 00, 00, 00, 00, 00, 00, 00, 00, 00, 00, 14, 00, 00, 00, 00, 00, 14,
14, 20, 00, 00, 00, 00, 00, 00, 00, 00, 00, 00, 00, 00, 00, 00, 00, 14, 14, 14, 14, 14, 14, 14, 14, 14, 00, 00, 14, 00, 00, 14,
14, 14, 14, 14, 14, 14, 14, 14, 14, 14, 14, 14, 14, 14, 14, 14, 14, 14, 14, 14, 14, 14, 14, 14, 14, 14, 14, 14, 14, 14, 14, 14,end,
RULES:cat-player,lock-lock,platform-stop,cactus-spiky,clock-move,flag-goal,
